  1   1 0.999855 0.999720 0.999990
  1   2 0.000145 0.000010 0.000280
  2   3 0.000002 0.000000 0.000000
  2   4 0.999998 0.000000 0.000000
  3   6 0.048500 0.019000 0.078000
  3   7 0.951500 0.922000 0.981000
  4   9 1.000000 0.000000 0.000000
  5  10 0.196500 0.189000 0.204000
  5  11 0.803500 0.796000 0.811000
  6  12 0.989400 0.988400 0.990400
  6  13 0.010600 0.009600 0.011600
  7  14 0.996205 0.995780 0.996630
  7  15 0.003795 0.003370 0.004220
  8  16 0.997570 0.997380 0.997760
  8  17 0.000383 0.000367 0.000400
  8  18 0.002045 0.001870 0.002220
  9  19 1.000000 0.000000 0.000000
 10  20 0.904800 0.000000 0.000000
 10  21 0.002700 0.000000 0.000000
 10  22 0.092500 0.000000 0.000000
 11  23 1.000000 0.000000 0.000000
 12  24 0.789650 0.788800 0.790500
 12  25 0.100110 0.099880 0.100340
 12  26 0.110250 0.109600 0.110900
 13  27 1.000000 0.000000 0.000000
 14  28 0.922545 0.921910 0.923180
 14  29 0.046720 0.046450 0.046990
 14  30 0.030735 0.030370 0.031100
 15  31 1.000000 0.000000 0.000000
 16  32 0.948500 0.944100 0.952900
 16  33 0.007630 0.007290 0.007970
 16  34 0.043650 0.039600 0.047700
 16  36 0.000158 0.000129 0.000187
 17  35 0.758000 0.755000 0.761000
 17  37 0.242000 0.239000 0.245000
 18  36 0.010350 0.000000 0.020700
 18  38 0.021500 0.000000 0.043000
 18  40 0.968000 0.936000 1.000000
 19  39 0.932581 0.000000 0.000000
 19  40 0.000117 0.000000 0.000000
 19  41 0.067302 0.000000 0.000000
 20  40 0.969410 0.000000 0.000000
 20  42 0.006470 0.000000 0.000000
 20  43 0.001350 0.000000 0.000000
 20  44 0.020860 0.000000 0.000000
 20  46 0.000040 0.000000 0.000000
 20  48 0.001870 0.000000 0.000000
 21  45 1.000000 0.000000 0.000000
 22  46 0.082500 0.000000 0.000000
 22  47 0.074400 0.000000 0.000000
 22  48 0.737200 0.000000 0.000000
 22  49 0.054100 0.000000 0.000000
 22  50 0.051800 0.000000 0.000000
 23  50 0.002500 0.000000 0.000000
 23  51 0.997500 0.000000 0.000000
 24  50 0.043450 0.000000 0.000000
 24  52 0.837890 0.000000 0.000000
 24  53 0.095010 0.000000 0.000000
 24  54 0.023650 0.000000 0.000000
 25  55 1.000000 0.000000 0.000000
 26  54 0.058450 0.000000 0.000000
 26  56 0.917540 0.000000 0.000000
 26  57 0.021190 0.000000 0.000000
 26  58 0.002820 0.000000 0.000000
 27  59 1.000000 0.000000 0.000000
 28  58 0.680769 0.000000 0.000000
 28  60 0.262231 0.000000 0.000000
 28  61 0.011399 0.000000 0.000000
 28  62 0.036345 0.000000 0.000000
 28  64 0.009256 0.000000 0.000000
 29  63 0.691500 0.000000 0.000000
 29  65 0.308500 0.000000 0.000000
 30  64 0.491700 0.000000 0.000000
 30  66 0.277300 0.000000 0.000000
 30  67 0.040400 0.000000 0.000000
 30  68 0.184500 0.000000 0.000000
 30  70 0.006100 0.000000 0.000000
 31  69 0.601080 0.000000 0.000000
 31  71 0.398920 0.000000 0.000000
 32  70 0.205200 0.000000 0.000000
 32  72 0.274500 0.000000 0.000000
 32  73 0.077600 0.000000 0.000000
 32  74 0.365200 0.000000 0.000000
 32  76 0.077500 0.000000 0.000000
 33  75 1.000000 0.000000 0.000000
 34  74 0.008600 0.000000 0.000000
 34  76 0.092300 0.000000 0.000000
 34  77 0.076000 0.000000 0.000000
 34  78 0.236900 0.000000 0.000000
 34  80 0.498000 0.000000 0.000000
 34  82 0.088200 0.000000 0.000000
 35  79 0.506500 0.505000 0.508000
 35  81 0.493500 0.492000 0.495000
 36  78 0.003550 0.000000 0.000000
 36  80 0.022860 0.000000 0.000000
 36  82 0.115930 0.000000 0.000000
 36  83 0.115000 0.000000 0.000000
 36  84 0.569870 0.000000 0.000000
 36  86 0.172790 0.000000 0.000000
 37  85 0.721700 0.000000 0.000000
 37  87 0.278300 0.000000 0.000000
 38  84 0.005600 0.000000 0.000000
 38  86 0.098600 0.000000 0.000000
 38  87 0.070000 0.000000 0.000000
 38  88 0.825800 0.000000 0.000000
 39  89 1.000000 0.000000 0.000000
 40  90 0.514500 0.000000 0.000000
 40  91 0.112200 0.000000 0.000000
 40  92 0.171500 0.000000 0.000000
 40  94 0.173800 0.000000 0.000000
 40  96 0.028000 0.000000 0.000000
 41  93 1.000000 0.000000 0.000000
 42  92 0.146490 0.000000 0.000000
 42  94 0.091870 0.000000 0.000000
 42  95 0.158730 0.000000 0.000000
 42  96 0.166730 0.000000 0.000000
 42  97 0.095820 0.000000 0.000000
 42  98 0.242920 0.000000 0.000000
 42 100 0.097440 0.000000 0.000000
 44  96 0.055400 0.000000 0.000000
 44  98 0.018700 0.000000 0.000000
 44  99 0.127600 0.000000 0.000000
 44 100 0.126000 0.000000 0.000000
 44 101 0.170600 0.000000 0.000000
 44 102 0.315500 0.000000 0.000000
 44 104 0.186200 0.000000 0.000000
 45 103 1.000000 0.000000 0.000000
 46 102 0.010200 0.000000 0.000000
 46 104 0.111400 0.000000 0.000000
 46 105 0.223300 0.000000 0.000000
 46 106 0.273300 0.000000 0.000000
 46 108 0.264600 0.000000 0.000000
 46 110 0.117200 0.000000 0.000000
 47 107 0.518390 0.000000 0.000000
 47 109 0.481610 0.000000 0.000000
 48 106 0.012450 0.000000 0.000000
 48 108 0.008880 0.000000 0.000000
 48 110 0.124700 0.000000 0.000000
 48 111 0.127950 0.000000 0.000000
 48 112 0.241090 0.000000 0.000000
 48 113 0.122270 0.000000 0.000000
 48 114 0.287540 0.000000 0.000000
 48 116 0.075120 0.000000 0.000000
 49 113 0.042810 0.000000 0.000000
 49 115 0.957190 0.000000 0.000000
 50 112 0.009700 0.000000 0.000000
 50 114 0.006600 0.000000 0.000000
 50 115 0.003400 0.000000 0.000000
 50 116 0.145400 0.000000 0.000000
 50 117 0.076800 0.000000 0.000000
 50 118 0.242200 0.000000 0.000000
 50 119 0.085900 0.000000 0.000000
 50 120 0.325800 0.000000 0.000000
 50 122 0.046300 0.000000 0.000000
 50 124 0.057900 0.000000 0.000000
 51 121 0.572100 0.000000 0.000000
 51 123 0.427900 0.000000 0.000000
 52 120 0.000900 0.000000 0.000000
 52 122 0.025500 0.000000 0.000000
 52 123 0.008900 0.000000 0.000000
 52 124 0.047400 0.000000 0.000000
 52 125 0.070700 0.000000 0.000000
 52 126 0.188400 0.000000 0.000000
 52 128 0.317400 0.000000 0.000000
 52 130 0.340800 0.000000 0.000000
 53 127 1.000000 0.000000 0.000000
 54 124 0.000950 0.000000 0.000000
 54 126 0.000890 0.000000 0.000000
 54 128 0.019100 0.000000 0.000000
 54 129 0.264010 0.000000 0.000000
 54 130 0.040710 0.000000 0.000000
 54 131 0.212320 0.000000 0.000000
 54 132 0.269090 0.000000 0.000000
 54 134 0.104360 0.000000 0.000000
 54 136 0.088570 0.000000 0.000000
 55 133 1.000000 0.000000 0.000000
 56 130 0.001100 0.000000 0.000000
 56 132 0.001000 0.000000 0.000000
 56 134 0.024200 0.000000 0.000000
 56 135 0.065900 0.000000 0.000000
 56 136 0.078500 0.000000 0.000000
 56 137 0.112300 0.000000 0.000000
 56 138 0.717000 0.000000 0.000000
 57 138 0.000888 0.000000 0.000000
 57 139 0.999112 0.000000 0.000000
 58 136 0.001850 0.000000 0.000000
 58 138 0.002510 0.000000 0.000000
 58 140 0.884500 0.000000 0.000000
 58 142 0.111140 0.000000 0.000000
 59 141 1.000000 0.000000 0.000000
 60 142 0.271520 0.000000 0.000000
 60 143 0.121740 0.000000 0.000000
 60 144 0.237980 0.000000 0.000000
 60 145 0.082930 0.000000 0.000000
 60 146 0.171890 0.000000 0.000000
 60 148 0.057560 0.000000 0.000000
 60 150 0.056380 0.000000 0.000000
 62 144 0.030800 0.000000 0.000000
 62 147 0.150000 0.000000 0.000000
 62 148 0.112500 0.000000 0.000000
 62 149 0.138200 0.000000 0.000000
 62 150 0.073700 0.000000 0.000000
 62 152 0.267400 0.000000 0.000000
 62 154 0.227400 0.000000 0.000000
 63 151 0.478100 0.000000 0.000000
 63 153 0.521900 0.000000 0.000000
 64 152 0.002000 0.000000 0.000000
 64 154 0.021800 0.000000 0.000000
 64 155 0.148000 0.000000 0.000000
 64 156 0.204700 0.000000 0.000000
 64 157 0.156500 0.000000 0.000000
 64 158 0.248400 0.000000 0.000000
 64 160 0.218600 0.000000 0.000000
 65 159 1.000000 0.000000 0.000000
 66 156 0.000560 0.000000 0.000000
 66 158 0.000950 0.000000 0.000000
 66 160 0.023290 0.000000 0.000000
 66 161 0.188890 0.000000 0.000000
 66 162 0.254750 0.000000 0.000000
 66 163 0.248960 0.000000 0.000000
 66 164 0.282600 0.000000 0.000000
 67 165 1.000000 0.000000 0.000000
 68 162 0.001390 0.000000 0.000000
 68 164 0.016010 0.000000 0.000000
 68 166 0.335030 0.000000 0.000000
 68 167 0.228690 0.000000 0.000000
 68 168 0.269780 0.000000 0.000000
 68 170 0.149100 0.000000 0.000000
 69 169 1.000000 0.000000 0.000000
 70 168 0.001260 0.000000 0.000000
 70 170 0.030230 0.000000 0.000000
 70 171 0.142160 0.000000 0.000000
 70 172 0.217540 0.000000 0.000000
 70 173 0.160980 0.000000 0.000000
 70 174 0.318960 0.000000 0.000000
 70 176 0.128870 0.000000 0.000000
 71 175 0.974010 0.000000 0.000000
 71 176 0.025990 0.000000 0.000000
 72 174 0.001610 0.000000 0.000000
 72 176 0.052400 0.000000 0.000000
 72 177 0.185800 0.000000 0.000000
 72 178 0.272800 0.000000 0.000000
 72 179 0.136300 0.000000 0.000000
 72 180 0.351200 0.000000 0.000000
 73 180 0.000118 0.000000 0.000000
 73 181 0.999882 0.000000 0.000000
 74 180 0.001200 0.000000 0.000000
 74 182 0.265000 0.000000 0.000000
 74 183 0.143100 0.000000 0.000000
 74 184 0.306400 0.000000 0.000000
 74 186 0.284300 0.000000 0.000000
 75 185 0.374000 0.000000 0.000000
 75 187 0.626000 0.000000 0.000000
 76 184 0.000200 0.000000 0.000000
 76 186 0.015900 0.000000 0.000000
 76 187 0.019600 0.000000 0.000000
 76 188 0.132400 0.000000 0.000000
 76 189 0.161500 0.000000 0.000000
 76 190 0.262600 0.000000 0.000000
 76 192 0.407800 0.000000 0.000000
 77 191 0.372300 0.000000 0.000000
 77 193 0.627700 0.000000 0.000000
 78 190 0.000120 0.000000 0.000000
 78 192 0.007820 0.000000 0.000000
 78 194 0.328640 0.000000 0.000000
 78 195 0.337750 0.000000 0.000000
 78 196 0.252110 0.000000 0.000000
 78 198 0.073560 0.000000 0.000000
 79 197 1.000000 0.000000 0.000000
 80 196 0.001500 0.000000 0.000000
 80 198 0.100400 0.000000 0.000000
 80 199 0.169400 0.000000 0.000000
 80 200 0.231400 0.000000 0.000000
 80 201 0.131700 0.000000 0.000000
 80 202 0.297400 0.000000 0.000000
 80 204 0.068200 0.000000 0.000000
 81 203 0.295150 0.294400 0.295900
 81 205 0.704850 0.704100 0.705600
 82 204 0.014000 0.000000 0.000000
 82 206 0.241000 0.000000 0.000000
 82 207 0.221000 0.000000 0.000000
 82 208 0.524000 0.000000 0.000000
 83 209 1.000000 0.000000 0.000000
